#  Non-editable header begin --------------------------------------------------------------------------------
# 
#  data format...............: continuous
#  setname...................: EDF file
#  filename..................: none_specified
#  filepath..................: none_specified
#  nchan.....................: 14
#  pnts......................: 86528
#  srate.....................: 256
#  nevents...................: 200
#  generated by (bdf)........: 
#  generated by (set)........: EDF file
#  reported in ..............: 
#  prog Version..............: 6.1.4
#  creation date.............: 09-Jul-2021 04:58:45
#  user Account..............: 
# 
#  Non-editable header end --------------------------------------------------------------------------------




# item	 bepoch	  ecode	            label	      onset	          diff	     dura	b_flags	   a_flags	  enable	    bin
#                                                 (sec)           (msec)     (msec)    (binary)   (binary)


1     	0     	      2	              ""	     53.7266	      0.00	    0.0	    00000000     00000000	   1	[       ]
2     	0     	      2	              ""	     55.0273	   1300.78	    0.0	    00000000     00000000	   1	[       ]
3     	0     	      1	              ""	     56.3281	   1300.78	    0.0	    00000000     00000000	   1	[       ]
4     	0     	      1	              ""	     57.6172	   1289.06	    0.0	    00000000     00000000	   1	[       ]
5     	0     	      1	              ""	     58.9102	   1292.97	    0.0	    00000000     00000000	   1	[       ]
6     	0     	      1	              ""	     60.2031	   1292.97	    0.0	    00000000     00000000	   1	[       ]
7     	0     	      1	              ""	     61.5000	   1296.88	    0.0	    00000000     00000000	   1	[       ]
8     	0     	      1	              ""	     62.7930	   1292.97	    0.0	    00000000     00000000	   1	[       ]
9     	0     	      1	              ""	     64.0820	   1289.06	    0.0	    00000000     00000000	   1	[       ]
10    	0     	      1	              ""	     65.3789	   1296.88	    0.0	    00000000     00000000	   1	[       ]
11    	0     	      1	              ""	     66.6719	   1292.97	    0.0	    00000000     00000000	   1	[       ]
12    	0     	      1	              ""	     67.9766	   1304.69	    0.0	    00000000     00000000	   1	[       ]
13    	0     	      2	              ""	     69.2773	   1300.78	    0.0	    00000000     00000000	   1	[       ]
14    	0     	      1	              ""	     70.5859	   1308.59	    0.0	    00000000     00000000	   1	[       ]
15    	0     	      1	              ""	     71.8906	   1304.69	    0.0	    00000000     00000000	   1	[       ]
16    	0     	      1	              ""	     73.1914	   1300.78	    0.0	    00000000     00000000	   1	[       ]
17    	0     	      1	              ""	     74.5000	   1308.59	    0.0	    00000000     00000000	   1	[       ]
18    	0     	      1	              ""	     75.8008	   1300.78	    0.0	    00000000     00000000	   1	[       ]
19    	0     	      1	              ""	     77.1016	   1300.78	    0.0	    00000000     00000000	   1	[       ]
20    	0     	      2	              ""	     78.4023	   1300.78	    0.0	    00000000     00000000	   1	[       ]
21    	0     	      1	              ""	     79.7031	   1300.78	    0.0	    00000000     00000000	   1	[       ]
22    	0     	      1	              ""	     81.0078	   1304.69	    0.0	    00000000     00000000	   1	[       ]
23    	0     	      2	              ""	     82.2969	   1289.06	    0.0	    00000000     00000000	   1	[       ]
24    	0     	      2	              ""	     83.6016	   1304.69	    0.0	    00000000     00000000	   1	[       ]
25    	0     	      1	              ""	     84.9023	   1300.78	    0.0	    00000000     00000000	   1	[       ]
26    	0     	      1	              ""	     86.2031	   1300.78	    0.0	    00000000     00000000	   1	[       ]
27    	0     	      1	              ""	     87.5039	   1300.78	    0.0	    00000000     00000000	   1	[       ]
28    	0     	      1	              ""	     88.8047	   1300.78	    0.0	    00000000     00000000	   1	[       ]
29    	0     	      1	              ""	     90.0977	   1292.97	    0.0	    00000000     00000000	   1	[       ]
30    	0     	      1	              ""	     91.3984	   1300.78	    0.0	    00000000     00000000	   1	[       ]
31    	0     	      1	              ""	     92.6914	   1292.97	    0.0	    00000000     00000000	   1	[       ]
32    	0     	      1	              ""	     93.9922	   1300.78	    0.0	    00000000     00000000	   1	[       ]
33    	0     	      1	              ""	     95.2930	   1300.78	    0.0	    00000000     00000000	   1	[       ]
34    	0     	      1	              ""	     96.5977	   1304.69	    0.0	    00000000     00000000	   1	[       ]
35    	0     	      1	              ""	     97.8984	   1300.78	    0.0	    00000000     00000000	   1	[       ]
36    	0     	      1	              ""	     99.1875	   1289.06	    0.0	    00000000     00000000	   1	[       ]
37    	0     	      2	              ""	    100.4805	   1292.97	    0.0	    00000000     00000000	   1	[       ]
38    	0     	      1	              ""	    101.7813	   1300.78	    0.0	    00000000     00000000	   1	[       ]
39    	0     	      1	              ""	    103.0820	   1300.78	    0.0	    00000000     00000000	   1	[       ]
40    	0     	      2	              ""	    104.3750	   1292.97	    0.0	    00000000     00000000	   1	[       ]
41    	0     	      1	              ""	    105.6758	   1300.78	    0.0	    00000000     00000000	   1	[       ]
42    	0     	      1	              ""	    106.9805	   1304.69	    0.0	    00000000     00000000	   1	[       ]
43    	0     	      1	              ""	    108.2813	   1300.78	    0.0	    00000000     00000000	   1	[       ]
44    	0     	      1	              ""	    109.5820	   1300.78	    0.0	    00000000     00000000	   1	[       ]
45    	0     	      1	              ""	    110.8828	   1300.78	    0.0	    00000000     00000000	   1	[       ]
46    	0     	      2	              ""	    112.1836	   1300.78	    0.0	    00000000     00000000	   1	[       ]
47    	0     	      1	              ""	    113.4883	   1304.69	    0.0	    00000000     00000000	   1	[       ]
48    	0     	      2	              ""	    114.7891	   1300.78	    0.0	    00000000     00000000	   1	[       ]
49    	0     	      1	              ""	    116.0859	   1296.88	    0.0	    00000000     00000000	   1	[       ]
50    	0     	      1	              ""	    117.3867	   1300.78	    0.0	    00000000     00000000	   1	[       ]
51    	0     	      1	              ""	    118.6797	   1292.97	    0.0	    00000000     00000000	   1	[       ]
52    	0     	      1	              ""	    119.9688	   1289.06	    0.0	    00000000     00000000	   1	[       ]
53    	0     	      1	              ""	    121.2734	   1304.69	    0.0	    00000000     00000000	   1	[       ]
54    	0     	      1	              ""	    122.5742	   1300.78	    0.0	    00000000     00000000	   1	[       ]
55    	0     	      1	              ""	    123.8750	   1300.78	    0.0	    00000000     00000000	   1	[       ]
56    	0     	      1	              ""	    125.1758	   1300.78	    0.0	    00000000     00000000	   1	[       ]
57    	0     	      2	              ""	    126.4688	   1292.97	    0.0	    00000000     00000000	   1	[       ]
58    	0     	      2	              ""	    127.7695	   1300.78	    0.0	    00000000     00000000	   1	[       ]
59    	0     	      1	              ""	    129.0703	   1300.78	    0.0	    00000000     00000000	   1	[       ]
60    	0     	      1	              ""	    130.3711	   1300.78	    0.0	    00000000     00000000	   1	[       ]
61    	0     	      1	              ""	    131.6641	   1292.97	    0.0	    00000000     00000000	   1	[       ]
62    	0     	      2	              ""	    132.9570	   1292.97	    0.0	    00000000     00000000	   1	[       ]
63    	0     	      1	              ""	    134.2578	   1300.78	    0.0	    00000000     00000000	   1	[       ]
64    	0     	      2	              ""	    135.5508	   1292.97	    0.0	    00000000     00000000	   1	[       ]
65    	0     	      1	              ""	    136.8398	   1289.06	    0.0	    00000000     00000000	   1	[       ]
66    	0     	      1	              ""	    138.1406	   1300.78	    0.0	    00000000     00000000	   1	[       ]
67    	0     	      1	              ""	    139.4453	   1304.69	    0.0	    00000000     00000000	   1	[       ]
68    	0     	      1	              ""	    140.7461	   1300.78	    0.0	    00000000     00000000	   1	[       ]
69    	0     	      1	              ""	    142.0352	   1289.06	    0.0	    00000000     00000000	   1	[       ]
70    	0     	      1	              ""	    143.3281	   1292.97	    0.0	    00000000     00000000	   1	[       ]
71    	0     	      1	              ""	    144.6289	   1300.78	    0.0	    00000000     00000000	   1	[       ]
72    	0     	      1	              ""	    145.9336	   1304.69	    0.0	    00000000     00000000	   1	[       ]
73    	0     	      1	              ""	    147.2227	   1289.06	    0.0	    00000000     00000000	   1	[       ]
74    	0     	      1	              ""	    148.5156	   1292.97	    0.0	    00000000     00000000	   1	[       ]
75    	0     	      2	              ""	    149.8047	   1289.06	    0.0	    00000000     00000000	   1	[       ]
76    	0     	      1	              ""	    151.1055	   1300.78	    0.0	    00000000     00000000	   1	[       ]
77    	0     	      1	              ""	    152.3984	   1292.97	    0.0	    00000000     00000000	   1	[       ]
78    	0     	      1	              ""	    153.7031	   1304.69	    0.0	    00000000     00000000	   1	[       ]
79    	0     	      2	              ""	    155.0039	   1300.78	    0.0	    00000000     00000000	   1	[       ]
80    	0     	      1	              ""	    156.3047	   1300.78	    0.0	    00000000     00000000	   1	[       ]
81    	0     	      2	              ""	    157.6055	   1300.78	    0.0	    00000000     00000000	   1	[       ]
82    	0     	      1	              ""	    158.9063	   1300.78	    0.0	    00000000     00000000	   1	[       ]
83    	0     	      1	              ""	    160.2109	   1304.69	    0.0	    00000000     00000000	   1	[       ]
84    	0     	      1	              ""	    161.5117	   1300.78	    0.0	    00000000     00000000	   1	[       ]
85    	0     	      1	              ""	    162.8008	   1289.06	    0.0	    00000000     00000000	   1	[       ]
86    	0     	      1	              ""	    164.1016	   1300.78	    0.0	    00000000     00000000	   1	[       ]
87    	0     	      2	              ""	    165.3906	   1289.06	    0.0	    00000000     00000000	   1	[       ]
88    	0     	      1	              ""	    166.6914	   1300.78	    0.0	    00000000     00000000	   1	[       ]
89    	0     	      1	              ""	    167.9961	   1304.69	    0.0	    00000000     00000000	   1	[       ]
90    	0     	      1	              ""	    169.2852	   1289.06	    0.0	    00000000     00000000	   1	[       ]
91    	0     	      1	              ""	    170.5820	   1296.88	    0.0	    00000000     00000000	   1	[       ]
92    	0     	      1	              ""	    171.8867	   1304.69	    0.0	    00000000     00000000	   1	[       ]
93    	0     	      1	              ""	    173.1836	   1296.88	    0.0	    00000000     00000000	   1	[       ]
94    	0     	      1	              ""	    174.4727	   1289.06	    0.0	    00000000     00000000	   1	[       ]
95    	0     	      1	              ""	    175.7773	   1304.69	    0.0	    00000000     00000000	   1	[       ]
96    	0     	      1	              ""	    177.0664	   1289.06	    0.0	    00000000     00000000	   1	[       ]
97    	0     	      2	              ""	    178.3594	   1292.97	    0.0	    00000000     00000000	   1	[       ]
98    	0     	      1	              ""	    179.6602	   1300.78	    0.0	    00000000     00000000	   1	[       ]
99    	0     	      2	              ""	    180.9609	   1300.78	    0.0	    00000000     00000000	   1	[       ]
100   	0     	      1	              ""	    182.2656	   1304.69	    0.0	    00000000     00000000	   1	[       ]
101   	0     	      1	              ""	    183.5664	   1300.78	    0.0	    00000000     00000000	   1	[       ]
102   	0     	      1	              ""	    184.8672	   1300.78	    0.0	    00000000     00000000	   1	[       ]
103   	0     	      1	              ""	    186.1680	   1300.78	    0.0	    00000000     00000000	   1	[       ]
104   	0     	      1	              ""	    187.4688	   1300.78	    0.0	    00000000     00000000	   1	[       ]
105   	0     	      1	              ""	    188.7734	   1304.69	    0.0	    00000000     00000000	   1	[       ]
106   	0     	      1	              ""	    190.0625	   1289.06	    0.0	    00000000     00000000	   1	[       ]
107   	0     	      1	              ""	    191.3555	   1292.97	    0.0	    00000000     00000000	   1	[       ]
108   	0     	      2	              ""	    192.6484	   1292.97	    0.0	    00000000     00000000	   1	[       ]
109   	0     	      2	              ""	    193.9492	   1300.78	    0.0	    00000000     00000000	   1	[       ]
110   	0     	      1	              ""	    195.2500	   1300.78	    0.0	    00000000     00000000	   1	[       ]
111   	0     	      1	              ""	    196.5391	   1289.06	    0.0	    00000000     00000000	   1	[       ]
112   	0     	      1	              ""	    197.8320	   1292.97	    0.0	    00000000     00000000	   1	[       ]
113   	0     	      1	              ""	    199.1250	   1292.97	    0.0	    00000000     00000000	   1	[       ]
114   	0     	      1	              ""	    200.4258	   1300.78	    0.0	    00000000     00000000	   1	[       ]
115   	0     	      1	              ""	    201.7266	   1300.78	    0.0	    00000000     00000000	   1	[       ]
116   	0     	      1	              ""	    203.0195	   1292.97	    0.0	    00000000     00000000	   1	[       ]
117   	0     	      2	              ""	    204.3203	   1300.78	    0.0	    00000000     00000000	   1	[       ]
118   	0     	      2	              ""	    205.6211	   1300.78	    0.0	    00000000     00000000	   1	[       ]
119   	0     	      1	              ""	    206.9219	   1300.78	    0.0	    00000000     00000000	   1	[       ]
120   	0     	      1	              ""	    208.2148	   1292.97	    0.0	    00000000     00000000	   1	[       ]
121   	0     	      1	              ""	    209.5078	   1292.97	    0.0	    00000000     00000000	   1	[       ]
122   	0     	      1	              ""	    210.8008	   1292.97	    0.0	    00000000     00000000	   1	[       ]
123   	0     	      2	              ""	    212.1016	   1300.78	    0.0	    00000000     00000000	   1	[       ]
124   	0     	      1	              ""	    213.4023	   1300.78	    0.0	    00000000     00000000	   1	[       ]
125   	0     	      1	              ""	    214.7031	   1300.78	    0.0	    00000000     00000000	   1	[       ]
126   	0     	      1	              ""	    216.0039	   1300.78	    0.0	    00000000     00000000	   1	[       ]
127   	0     	      1	              ""	    217.2969	   1292.97	    0.0	    00000000     00000000	   1	[       ]
128   	0     	      2	              ""	    218.5977	   1300.78	    0.0	    00000000     00000000	   1	[       ]
129   	0     	      1	              ""	    219.8906	   1292.97	    0.0	    00000000     00000000	   1	[       ]
130   	0     	      1	              ""	    221.1797	   1289.06	    0.0	    00000000     00000000	   1	[       ]
131   	0     	      2	              ""	    222.4727	   1292.97	    0.0	    00000000     00000000	   1	[       ]
132   	0     	      2	              ""	    223.7734	   1300.78	    0.0	    00000000     00000000	   1	[       ]
133   	0     	      1	              ""	    225.0742	   1300.78	    0.0	    00000000     00000000	   1	[       ]
134   	0     	      1	              ""	    226.3672	   1292.97	    0.0	    00000000     00000000	   1	[       ]
135   	0     	      1	              ""	    227.6602	   1292.97	    0.0	    00000000     00000000	   1	[       ]
136   	0     	      1	              ""	    228.9609	   1300.78	    0.0	    00000000     00000000	   1	[       ]
137   	0     	      1	              ""	    230.2617	   1300.78	    0.0	    00000000     00000000	   1	[       ]
138   	0     	      1	              ""	    231.5625	   1300.78	    0.0	    00000000     00000000	   1	[       ]
139   	0     	      1	              ""	    232.8672	   1304.69	    0.0	    00000000     00000000	   1	[       ]
140   	0     	      1	              ""	    234.1563	   1289.06	    0.0	    00000000     00000000	   1	[       ]
141   	0     	      2	              ""	    235.4570	   1300.78	    0.0	    00000000     00000000	   1	[       ]
142   	0     	      1	              ""	    236.7617	   1304.69	    0.0	    00000000     00000000	   1	[       ]
143   	0     	      1	              ""	    238.0625	   1300.78	    0.0	    00000000     00000000	   1	[       ]
144   	0     	      1	              ""	    239.3633	   1300.78	    0.0	    00000000     00000000	   1	[       ]
145   	0     	      1	              ""	    240.6563	   1292.97	    0.0	    00000000     00000000	   1	[       ]
146   	0     	      2	              ""	    241.9531	   1296.88	    0.0	    00000000     00000000	   1	[       ]
147   	0     	      1	              ""	    243.2539	   1300.78	    0.0	    00000000     00000000	   1	[       ]
148   	0     	      1	              ""	    244.5547	   1300.78	    0.0	    00000000     00000000	   1	[       ]
149   	0     	      1	              ""	    245.8594	   1304.69	    0.0	    00000000     00000000	   1	[       ]
150   	0     	      1	              ""	    247.1602	   1300.78	    0.0	    00000000     00000000	   1	[       ]
151   	0     	      2	              ""	    248.4609	   1300.78	    0.0	    00000000     00000000	   1	[       ]
152   	0     	      1	              ""	    249.7617	   1300.78	    0.0	    00000000     00000000	   1	[       ]
153   	0     	      1	              ""	    251.0547	   1292.97	    0.0	    00000000     00000000	   1	[       ]
154   	0     	      1	              ""	    252.3438	   1289.06	    0.0	    00000000     00000000	   1	[       ]
155   	0     	      1	              ""	    253.6484	   1304.69	    0.0	    00000000     00000000	   1	[       ]
156   	0     	      1	              ""	    254.9492	   1300.78	    0.0	    00000000     00000000	   1	[       ]
157   	0     	      1	              ""	    256.2500	   1300.78	    0.0	    00000000     00000000	   1	[       ]
158   	0     	      1	              ""	    257.5508	   1300.78	    0.0	    00000000     00000000	   1	[       ]
159   	0     	      2	              ""	    258.8438	   1292.97	    0.0	    00000000     00000000	   1	[       ]
160   	0     	      1	              ""	    260.1445	   1300.78	    0.0	    00000000     00000000	   1	[       ]
161   	0     	      2	              ""	    261.4453	   1300.78	    0.0	    00000000     00000000	   1	[       ]
162   	0     	      1	              ""	    262.7383	   1292.97	    0.0	    00000000     00000000	   1	[       ]
163   	0     	      1	              ""	    264.0391	   1300.78	    0.0	    00000000     00000000	   1	[       ]
164   	0     	      2	              ""	    265.3398	   1300.78	    0.0	    00000000     00000000	   1	[       ]
165   	0     	      1	              ""	    266.6367	   1296.88	    0.0	    00000000     00000000	   1	[       ]
166   	0     	      1	              ""	    267.9297	   1292.97	    0.0	    00000000     00000000	   1	[       ]
167   	0     	      1	              ""	    269.2227	   1292.97	    0.0	    00000000     00000000	   1	[       ]
168   	0     	      1	              ""	    270.5195	   1296.88	    0.0	    00000000     00000000	   1	[       ]
169   	0     	      1	              ""	    271.8125	   1292.97	    0.0	    00000000     00000000	   1	[       ]
170   	0     	      1	              ""	    273.1133	   1300.78	    0.0	    00000000     00000000	   1	[       ]
171   	0     	      2	              ""	    274.4141	   1300.78	    0.0	    00000000     00000000	   1	[       ]
172   	0     	      1	              ""	    275.7148	   1300.78	    0.0	    00000000     00000000	   1	[       ]
173   	0     	      1	              ""	    277.0156	   1300.78	    0.0	    00000000     00000000	   1	[       ]
174   	0     	      1	              ""	    278.3203	   1304.69	    0.0	    00000000     00000000	   1	[       ]
175   	0     	      1	              ""	    279.6094	   1289.06	    0.0	    00000000     00000000	   1	[       ]
176   	0     	      2	              ""	    280.9023	   1292.97	    0.0	    00000000     00000000	   1	[       ]
177   	0     	      1	              ""	    282.2031	   1300.78	    0.0	    00000000     00000000	   1	[       ]
178   	0     	      1	              ""	    283.4961	   1292.97	    0.0	    00000000     00000000	   1	[       ]
179   	0     	      1	              ""	    284.7891	   1292.97	    0.0	    00000000     00000000	   1	[       ]
180   	0     	      1	              ""	    286.0977	   1308.59	    0.0	    00000000     00000000	   1	[       ]
181   	0     	      1	              ""	    287.4063	   1308.59	    0.0	    00000000     00000000	   1	[       ]
182   	0     	      2	              ""	    288.7070	   1300.78	    0.0	    00000000     00000000	   1	[       ]
183   	0     	      1	              ""	    290.0117	   1304.69	    0.0	    00000000     00000000	   1	[       ]
184   	0     	      1	              ""	    291.3125	   1300.78	    0.0	    00000000     00000000	   1	[       ]
185   	0     	      1	              ""	    292.6133	   1300.78	    0.0	    00000000     00000000	   1	[       ]
186   	0     	      1	              ""	    293.9063	   1292.97	    0.0	    00000000     00000000	   1	[       ]
187   	0     	      1	              ""	    295.1953	   1289.06	    0.0	    00000000     00000000	   1	[       ]
188   	0     	      2	              ""	    296.5000	   1304.69	    0.0	    00000000     00000000	   1	[       ]
189   	0     	      1	              ""	    297.8008	   1300.78	    0.0	    00000000     00000000	   1	[       ]
190   	0     	      1	              ""	    299.1016	   1300.78	    0.0	    00000000     00000000	   1	[       ]
191   	0     	      1	              ""	    300.3906	   1289.06	    0.0	    00000000     00000000	   1	[       ]
192   	0     	      1	              ""	    301.6836	   1292.97	    0.0	    00000000     00000000	   1	[       ]
193   	0     	      1	              ""	    302.9844	   1300.78	    0.0	    00000000     00000000	   1	[       ]
194   	0     	      1	              ""	    304.2773	   1292.97	    0.0	    00000000     00000000	   1	[       ]
195   	0     	      1	              ""	    305.5703	   1292.97	    0.0	    00000000     00000000	   1	[       ]
196   	0     	      2	              ""	    306.8711	   1300.78	    0.0	    00000000     00000000	   1	[       ]
197   	0     	      1	              ""	    308.1719	   1300.78	    0.0	    00000000     00000000	   1	[       ]
198   	0     	      2	              ""	    309.4648	   1292.97	    0.0	    00000000     00000000	   1	[       ]
199   	0     	      1	              ""	    310.7656	   1300.78	    0.0	    00000000     00000000	   1	[       ]
200   	0     	      1	              ""	    312.0586	   1292.97	    0.0	    00000000     00000000	   1	[       ]
